281 
122 
230 
685 
487 
374 
955 
48 
330 
910 
702 
628 
547 
440 
519 
142 
456 
313 
881 
11 
289 
480 
595 
51 
980 
55 
428 
253 
469 
956 
364 
71 
237 
402 
282 
937 
48 
721 
758 
520 
505 
266 
260 
268 
573 
366 
885 
90 
969 
808 
183 
718 
713 
728 
464 
476 
799 
967 
974 
258 
767 
848 
728 
455 
947 
589 
24 
996 
454 
349 
638 
119 
0 
967 
461 
734 
882 
701 
252 
387 
135 
390 
863 
848 
575 
202 
261 
643 
85 
617 
620 
535 
165 
459 
235 
512 
661 
847 
959 
736 
157 
385 
595 
278 
990 
984 
493 
663 
920 
947 
477 
283 
715 
931 
71 
263 
336 
708 
712 
39 
605 
712 
374 
438 
242 
941 
585 
522 
32 
861 
478 
168 
233 
22 
958 
776 
376 
758 
538 
971 
934 
184 
815 
694 
595 
639 
520 
453 
228 
232 
489 
359 
687 
821 
897 
182 
822 
932 
862 
397 
220 
363 
228 
435 
845 
585 
725 
468 
732 
699 
553 
990 
735 
845 
534 
673 
95 
764 
647 
708 
422 
1 
702 
854 
363 
102 
989 
850 
123 
601 
887 
550 
968 
232 
78 
127 
540 
426 
795 
716 
39 
452 
44 
818 
295 
475 
152 
284 
860 
125 
451 
790 
269 
4 
47 
421 
842 
436 
417 
623 
521 
600 
623 
564 
698 
475 
473 
871 
238 
775 
88 
904 
358 
642 
350 
96 
619 
729 
981 
750 
694 
948 
888 
930 
288 
886 
650 
576 
994 
320 
359 
275 
889 
17 
114 
116 
76 
208 
699 
425 
871 
910 
932 
472 
753 
338 
824 
836 
677 
403 
637 
186 
625 
919 
662 
375 
414 
370 
295 
792 
808 
764 
437 
439 
255 
180 
752 
825 
626 
726 
97 
896 
496 
291 
572 
944 
441 
642 
95 
895 
150 
656 
345 
67 
473 
79 
803 
862 
557 
107 
776 
869 
95 
487 
629 
688 
945 
629 
854 
716 
761 
177 
890 
788 
224 
480 
565 
867 
965 
345 
613 
463 
575 
93 
703 
575 
831 
548 
241 
128 
778 
243 
46 
749 
688 
355 
445 
17 
878 
198 
927 
764 
934 
92 
602 
845 
523 
988 
938 
124 
180 
476 
152 
132 
949 
710 
376 
190 
669 
953 
331 
259 
253 
325 
475 
46 
116 
734 
796 
507 
919 
676 
484 
691 
776 
246 
535 
166 
982 
606 
880 
236 
206 
519 
550 
626 
980 
879 
645 
64 
581 
385 
238 
548 
829 
149 
553 
64 
931 
369 
67 
828 
927 
280 
21 
789 
725 
283 
223 
609 
293 
417 
753 
408 
90 
183 
660 
754 
136 
879 
908 
804 
799 
691 
832 
177 
918 
805 
45 
383 
524 
21 
254 
109 
289 
335 
349 
843 
793 
493 
856 
724 
632 
529 
938 
875 
177 
293 
185 
786 
365 
918 
129 
282 
189 
20 
222 
904 
968 
584 
445 
284 
57 
967 
197 
773 
179 
328 
169 
768 
724 
551 
736 
15 
170 
832 
535 
454 
375 
207 
650 
339 
708 
217 
737 
471 
859 
477 
589 
932 
647 
143 
476 
13 
574 
160 
916 
548 
61 
684 
853 
513 
664 
91 
275 
379 
607 
386 
902 
654 
282 
418 
139 
158 
387 
240 
399 
503 
459 
115 
21 
486 
354 
52 
427 
954 
766 
309 
131 
439 
609 
763 
139 
981 
802 
59 
252 
709 
90 
457 
558 
575 
951 
811 
874 
810 
770 
605 
298 
911 
771 
753 
483 
265 
648 
488 
211 
355 
103 
247 
976 
243 
90 
317 
692 
645 
69 
81 
656 
630 
812 
991 
102 
764 
511 
797 
697 
963 
176 
754 
552 
296 
815 
809 
347 
146 
72 
260 
458 
46 
663 
369 
138 
766 
271 
11 
179 
511 
147 
147 
89 
32 
745 
303 
952 
33 
897 
548 
971 
991 
704 
595 
734 
995 
983 
711 
725 
115 
210 
442 
610 
360 
191 
717 
375 
633 
461 
715 
294 
647 
961 
921 
650 
695 
173 
133 
912 
224 
602 
961 
759 
433 
729 
231 
367 
111 
848 
853 
457 
764 
988 
425 
213 
799 
10 
88 
532 
405 
35 
672 
394 
5 
414 
611 
587 
277 
416 
56 
784 
524 
185 
582 
311 
351 
551 
528 
533 
868 
777 
698 
788 
588 
380 
446 
358 
113 
293 
298 
870 
30 
442 
667 
736 
358 
580 
276 
214 
65 
724 
704 
563 
655 
317 
884 
479 
631 
16 
486 
885 
646 
894 
751 
713 
594 
224 
734 
545 
930 
764 
44 
398 
981 
442 
127 
369 
458 
145 
215 
874 
909 
966 
739 
166 
29 
938 
321 
956 
586 
553 
822 
8 
530 
166 
795 
350 
799 
523 
164 
809 
11 
603 
924 
901 
881 
444 
893 
842 
685 
292 
330 
873 
386 
265 
836 
461 
376 
973 
763 
842 
620 
912 
349 
253 
721 
16 
830 
965 
634 
456 
385 
257 
438 
474 
280 
744 
627 
286 
912 
284 
696 
843 
109 
33 
705 
123 
8 
980 
957 
757 
435 
403 
960 
758 
865 
15 
612 
749 
546 
597 
600 
363 
809 
532 
890 
862 
9 
724 
959 
313 
751 
927 
121 
525 
276 
117 
65 
993 
680 
374 
762 
456 
41 
607 
906 
226 
343 
96 
182 
120 
561 
355 
682 
219 
336 
860 
509 
122 
763 
258 
454 
690 
871 
162 
952 
164 
480 
896 
350 
713 
607 
743 
742 
563 
253 
998 
835 
967 
323 
34 
970 
39 
539 
710 
170 
205 
827 
212 
246 
484 
79 
712 
670 
516 
738 
410 
750 
198 
636 
434 
461 
562 
303 
126 
671 
418 
864 
274 
408 
743 
519 
74 
14 
579 
896 
235 
858 
306 
530 
723 
433 
92 
503 
766 
834 
39 
253 
688 
810 
716 
745 
869 
239 
169 
690 
714 
642 
487 
897 
482 
467 
389 
782 
539 
156 
855 
813 
527 
391 
339 
112 
493 
732 
299 
182 
974 
19 
796 
948 
32 
33 
132 
910 
853 
852 
99 
495 
216 
713 
828 
402 
301 
419 
311 
641 
978 
643 
55 
647 
182 
435 
413 
887 
957 
437 
365 
204 
688 
447 
300 
599 
721 
606 
531 
435 
595 
900 
730 
649 
497 
597 
214 
489 
681 
435 
400 
786 
747 
788 
21 
854 
869 
988 
901 
875 
941 
30 
608 
20 
683 
572 
733 
475 
902 
977 
498 
487 
428 
912 
111 
722 
867 
955 
742 
185 
942 
873 
270 
188 
537 
953 
114 
948 
649 
13 
300 
863 
223 
104 
140 
185 
16 
379 
22 
17 
221 
482 
678 
849 
744 
109 
927 
151 
104 
473 
39 
472 
402 
825 
916 
154 
856 
250 
460 
235 
424 
648 
203 
249 
112 
863 
792 
152 
213 
138 
898 
846 
217 
908 
889 
523 
948 
903 
341 
499 
26 
663 
670 
875 
785 
682 
973 
793 
45 
145 
155 
232 
972 
727 
108 
111 
868 
424 
338 
903 
338 
438 
920 
608 
920 
656 
994 
208 
793 
258 
5 
315 
179 
824 
558 
950 
353 
734 
578 
581 
34 
413 
687 
679 
743 
479 
859 
211 
115 
948 
360 
925 
362 
988 
453 
206 
713 
230 
864 
166 
919 
680 
80 
463 
883 
153 
594 
517 
115 
17 
307 
129 
268 
538 
697 
411 
54 
328 
489 
645 
535 
187 
268 
762 
636 
183 
752 
133 
543 
688 
20 
347 
627 
907 
894 
22 
314 
920 
95 
556 
375 
664 
777 
790 
596 
208 
37 
141 
355 
255 
696 
118 
985 
620 
176 
630 
437 
634 
384 
186 
896 
947 
849 
504 
301 
978 
523 
690 
117 
851 
416 
300 
366 
60 
314 
420 
64 
53 
540 
922 
195 
752 
867 
184 
886 
795 
294 
232 
289 
855 
301 
781 
459 
493 
141 
359 
815 
0 
567 
382 
798 
768 
8 
211 
624 
408 
148 
521 
289 
720 
525 
792 
476 
903 
461 
413 
345 
110 
515 
152 
761 
753 
759 
359 
560 
303 
37 
442 
231 
364 
482 
755 
334 
52 
814 
949 
172 
722 
834 
552 
146 
600 
667 
473 
177 
485 
635 
130 
90 
285 
500 
231 
966 
266 
49 
563 
727 
3 
500 
971 
475 
233 
41 
691 
491 
368 
619 
275 
35 
43 
260 
314 
651 
811 
857 
720 
231 
793 
438 
11 
783 
121 
532 
689 
533 
10 
927 
751 
249 
330 
972 
334 
752 
782 
49 
662 
77 
399 
508 
555 
440 
602 
796 
333 
604 
380 
689 
990 
370 
978 
25 
618 
473 
194 
946 
272 
771 
33 
108 
954 
379 
350 
665 
989 
714 
804 
452 
614 
488 
309 
583 
130 
874 
472 
98 
993 
820 
367 
679 
840 
657 
519 
91 
79 
811 
781 
173 
868 
920 
944 
337 
338 
543 
718 
703 
72 
952 
199 
593 
509 
7 
344 
276 
6 
87 
291 
42 
375 
261 
42 
561 
934 
203 
883 
591 
618 
779 
143 
218 
114 
93 
76 
150 
986 
618 
728 
96 
685 
518 
640 
7 
224 
202 
389 
184 
150 
361 
589 
54 
542 
142 
293 
298 
411 
587 
864 
725 
361 
783 
763 
180 
958 
337 
638 
535 
747 
223 
993 
807 
51 
925 
553 
713 
408 
254 
968 
749 
439 
745 
972 
274 
580 
706 
501 
525 
671 
704 
905 
383 
187 
758 
258 
945 
578 
97 
454 
91 
401 
623 
37 
198 
278 
562 
407 
913 
182 
511 
246 
183 
162 
240 
326 
430 
693 
90 
880 
100 
384 
837 
986 
585 
240 
414 
685 
280 
207 
603 
804 
317 
146 
803 
472 
198 
513 
282 
86 
696 
851 
785 
66 
974 
471 
168 
682 
357 
770 
691 
566 
956 
540 
194 
33 
106 
414 
115 
78 
729 
543 
156 
53 
170 
737 
58 
771 
513 
871 
206 
174 
393 
14 
786 
584 
918 
719 
361 
645 
839 
526 
449 
795 
674 
345 
44 
718 
8 
379 
806 
20 
27 
824 
662 
454 
179 
47 
368 
670 
589 
79 
904 
296 
928 
261 
962 
113 
765 
522 
859 
399 
485 
854 
26 
146 
533 
805 
312 
337 
761 
728 
458 
419 
570 
261 
741 
787 
816 
292 
646 
47 
934 
191 
425 
335 
229 
673 
197 
197 
69 
315 
341 
183 
854 
646 
84 
759 
868 
319 
895 
944 
982 
94 
441 
251 
958 
258 
187 
864 
695 
134 
535 
136 
709 
449 
400 
671 
734 
63 
581 
331 
906 
522 
762 
67 
323 
805 
217 
201 
523 
158 
111 
918 
783 
791 
677 
3 
440 
706 
72 
900 
60 
819 
23 
675 
395 
893 
310 
719 
555 
236 
182 
6 
710 
78 
455 
988 
861 
121 
605 
943 
447 
261 
759 
319 
758 
34 
440 
538 
143 
209 
419 
956 
322 
307 
992 
359 
533 
894 
358 
692 
176 
806 
356 
746 
307 
121 
589 
635 
873 
733 
471 
584 
456 
196 
208 
720 
205 
12 
560 
699 
782 
365 
16 
512 
185 
145 
916 
133 
951 
881 
381 
50 
915 
213 
110 
16 
645 
328 
67 
745 
539 
660 
893 
157 
84 
870 
642 
98 
450 
161 
412 
705 
275 
558 
495 
663 
251 
749 
398 
541 
937 
59 
844 
960 
725 
724 
9 
886 
650 
50 
688 
686 
412 
124 
986 
814 
530 
563 
284 
98 
289 
285 
747 
202 
693 
941 
517 
341 
115 
56 
980 
747 
911 
612 
419 
607 
563 
162 
331 
811 
840 
992 
685 
91 
12 
308 
503 
658 
828 
764 
980 
508 
864 
742 
218 
584 
311 
47 
969 
854 
813 
405 
851 
161 
988 
162 
976 
781 
684 
802 
389 
305 
346 
823 
751 
302 
811 
980 
293 
156 
307 
77 
844 
625 
938 
755 
918 
990 
515 
932 
36 
511 
717 
655 
385 
993 
281 
442 
84 
822 
190 
394 
976 
13 
900 
375 
220 
706 
210 
526 
75 
160 
41 
398 
436 
72 
985 
487 
896 
1 
603 
727 
773 
192 
36 
6 
632 
51 
414 
448 
107 
851 
111 
447 
698 
67 
805 
288 
996 
728 
496 
289 
16 
514 
408 
881 
597 
696 
374 
297 
820 
335 
961 
838 
77 
80 
871 
954 
662 
389 
381 
724 
833 
133 
743 
320 
431 
924 
561 
88 
509 
178 
655 
262 
323 
813 
392 
872 
677 
426 
334 
730 
761 
979 
735 
218 
565 
65 
25 
797 
269 
583 
40 
365 
902 
854 
401 
9 
568 
257 
130 
330 
842 
407 
482 
871 
754 
884 
555 
922 
660 
157 
676 
117 
894 
646 
25 
197 
792 
2 
6 
390 
319 
814 
586 
894 
683 
489 
6 
731 
104 
147 
589 
474 
324 
513 
781 
776 
503 
89 
510 
796 
839 
345 
370 
552 
461 
922 
276 
308 
100 
694 
253 
522 
561 
560 
812 
18 
717 
387 
53 
551 
666 
460 
125 
466 
527 
88 
658 
118 
697 
162 
963 
975 
193 
173 
361 
28 
146 
631 
634 
983 
824 
510 
441 
347 
721 
771 
912 
667 
717 
597 
363 
842 
958 
355 
648 
287 
145 
227 
359 
741 
510 
492 
634 
596 
381 
909 
18 
579 
647 
23 
770 
892 
533 
82 
648 
262 
359 
983 
842 
409 
691 
503 
140 
176 
438 
86 
994 
430 
332 
624 
817 
285 
263 
178 
246 
172 
215 
373 
530 
360 
750 
825 
233 
822 
231 
122 
550 
285 
349 
653 
305 
717 
642 
132 
392 
251 
749 
239 
110 
272 
696 
671 
418 
476 
55 
717 
821 
185 
464 
152 
386 
409 
471 
9 
29 
679 
108 
27 
150 
982 
587 
895 
333 
240 
15 
534 
930 
841 
458 
977 
472 
442 
120 
406 
764 
42 
147 
721 
892 
310 
511 
699 
880 
975 
568 
656 
605 
836 
515 
356 
387 
799 
732 
340 
222 
746 
189 
307 
906 
671 
92 
447 
409 
703 
924 
80 
403 
432 
275 
418 
923 
483 
114 
58 
645 
38 
307 
104 
909 
496 
476 
7 
667 
521 
982 
922 
207 
115 
259 
646 
624 
543 
185 
465 
240 
454 
999 
777 
429 
186 
640 
818 
366 
770 
478 
80 
649 
765 
381 
913 
707 
549 
681 
867 
396 
740 
122 
113 
25 
975 
237 
275 
848 
183 
742 
617 
583 
628 
46 
156 
330 
299 
285 
198 
209 
388 
551 
311 
890 
969 
494 
887 
784 
246 
503 
673 
781 
378 
472 
701 
672 
367 
443 
732 
252 
971 
72 
166 
802 
29 
795 
920 
512 
596 
393 
142 
421 
313 
420 
584 
886 
383 
793 
647 
993 
400 
441 
506 
666 
61 
132 
336 
481 
219 
892 
700 
172 
976 
487 
781 
6 
11 
643 
239 
42 
698 
523 
853 
4 
614 
545 
193 
35 
571 
527 
209 
419 
534 
266 
110 
819 
799 
626 
663 
240 
720 
283 
857 
187 
372 
253 
806 
253 
851 
442 
774 
102 
7 
929 
692 
126 
478 
303 
393 
509 
743 
826 
561 
432 
355 
887 
648 
839 
574 
330 
97 
801 
221 
968 
18 
771 
181 
610 
359 
638 
629 
533 
468 
390 
938 
542 
985 
73 
997 
618 
92 
776 
943 
522 
760 
911 
675 
144 
934 
896 
86 
591 
555 
420 
3 
54 
45 
936 
641 
831 
313 
529 
494 
493 
68 
17 
215 
101 
66 
592 
746 
362 
930 
176 
666 
186 
615 
638 
810 
862 
992 
507 
508 
90 
858 
893 
225 
97 
909 
431 
297 
421 
268 
278 
738 
129 
926 
794 
692 
726 
643 
358 
499 
629 
468 
302 
83 
964 
108 
539 
89 
953 
216 
927 
150 
46 
471 
854 
912 
367 
86 
557 
73 
552 
308 
167 
915 
868 
632 
881 
398 
836 
34 
50 
904 
29 
519 
611 
539 
586 
744 
220 
296 
741 
292 
474 
81 
114 
332 
87 
699 
313 
433 
730 
49 
426 
914 
58 
308 
397 
348 
721 
93 
15 
655 
445 
199 
128 
545 
830 
262 
574 
370 
645 
198 
123 
104 
250 
632 
3 
579 
919 
355 
496 
884 
159 
782 
662 
334 
442 
569 
312 
234 
198 
164 
298 
769 
971 
0 
790 
739 
157 
178 
770 
843 
651 
274 
464 
657 
400 
122 
8 
265 
979 
105 
217 
991 
48 
246 
306 
295 
203 
748 
576 
443 
674 
196 
16 
280 
651 
784 
503 
644 
730 
924 
174 
84 
978 
26 
306 
68 
703 
777 
936 
965 
234 
584 
978 
805 
875 
183 
245 
265 
767 
284 
898 
143 
893 
906 
238 
867 
21 
494 
299 
688 
514 
416 
663 
184 
125 
819 
573 
112 
952 
501 
817 
498 
255 
738 
152 
689 
674 
43 
156 
239 
469 
18 
689 
244 
995 
757 
789 
178 
926 
443 
336 
691 
234 
368 
124 
411 
572 
753 
780 
237 
684 
326 
836 
419 
490 
798 
568 
665 
684 
300 
686 
404 
972 
936 
234 
828 
976 
72 
852 
970 
259 
540 
141 
506 
342 
318 
928 
587 
457 
593 
926 
116 
591 
216 
764 
971 
379 
482 
281 
851 
186 
271 
610 
82 
915 
22 
563 
811 
416 
218 
809 
67 
244 
752 
80 
181 
709 
17 
96 
333 
778 
976 
173 
459 
737 
59 
317 
292 
459 
739 
363 
613 
451 
321 
588 
917 
341 
399 
315 
229 
476 
945 
607 
754 
362 
786 
58 
579 
317 
899 
633 
842 
550 
805 
579 
524 
263 
794 
282 
282 
483 
109 
505 
799 
723 
496 
890 
634 
355 
224 
552 
693 
251 
245 
439 
479 
906 
149 
494 
671 
336 
420 
438 
38 
473 
529 
298 
178 
456 
664 
709 
217 
31 
881 
909 
993 
539 
350 
497 
512 
868 
740 
566 
271 
25 
290 
786 
311 
37 
985 
13 
842 
296 
23 
994 
104 
599 
72 
752 
364 
890 
20 
638 
547 
758 
630 
378 
811 
778 
321 
702 
11 
965 
498 
493 
405 
499 
541 
873 
490 
739 
343 
974 
72 
255 
710 
603 
365 
966 
870 
746 
240 
994 
917 
546 
595 
97 
805 
91 
46 
18 
885 
817 
183 
341 
198 
914 
147 
630 
111 
41 
877 
446 
223 
233 
486 
86 
777 
246 
913 
955 
46 
328 
925 
623 
844 
345 
466 
461 
541 
396 
755 
132 
919 
331 
867 
332 
849 
65 
948 
984 
374 
108 
318 
850 
676 
893 
563 
561 
936 
742 
385 
89 
398 
932 
737 
111 
489 
245 
311 
391 
937 
142 
297 
103 
76 
125 
454 
171 
800 
473 
538 
227 
13 
555 
153 
581 
159 
145 
481 
760 
741 
583 
797 
654 
103 
308 
865 
652 
777 
48 
448 
683 
494 
207 
171 
704 
91 
132 
543 
762 
382 
489 
508 
663 
468 
722 
173 
356 
995 
12 
568 
185 
721 
741 
739 
614 
456 
59 
187 
692 
169 
181 
470 
680 
341 
504 
411 
676 
3 
93 
562 
334 
424 
327 
350 
656 
742 
979 
298 
156 
202 
136 
597 
63 
721 
243 
690 
855 
645 
749 
776 
837 
928 
321 
43 
651 
901 
326 
468 
641 
204 
75 
23 
740 
511 
394 
874 
689 
339 
152 
709 
722 
93 
65 
777 
360 
551 
47 
294 
398 
325 
509 
157 
260 
652 
431 
777 
995 
42 
922 
823 
436 
423 
143 
518 
689 
93 
254 
39 
46 
217 
814 
630 
347 
841 
355 
755 
196 
62 
452 
931 
340 
837 
417 
708 
842 
293 
816 
197 
651 
346 
394 
545 
572 
397 
586 
489 
633 
369 
536 
769 
933 
86 
636 
481 
77 
986 
820 
438 
442 
730 
408 
218 
357 
202 
962 
585 
494 
930 
389 
13 
587 
602 
533 
985 
437 
367 
536 
70 
234 
837 
399 
189 
438 
501 
829 
886 
874 
473 
349 
991 
607 
946 
6 
853 
600 
724 
441 
665 
536 
937 
340 
268 
595 
223 
932 
28 
269 
340 
655 
208 
53 
734 
5 
773 
296 
977 
495 
937 
685 
171 
790 
265 
971 
793 
629 
704 
347 
957 
655 
450 
961 
862 
853 
920 
413 
618 
640 
957 
608 
253 
181 
419 
296 
305 
572 
335 
573 
973 
208 
137 
296 
721 
857 
647 
520 
753 
854 
877 
606 
778 
606 
876 
854 
922 
114 
872 
585 
259 
754 
39 
429 
501 
883 
50 
563 
813 
453 
572 
657 
343 
449 
589 
720 
987 
161 
613 
152 
876 
579 
887 
126 
11 
439 
215 
434 
600 
223 
714 
275 
80 
666 
855 
796 
395 
407 
853 
230 
167 
739 
461 
492 
278 
971 
44 
301 
796 
742 
811 
175 
647 
511 
717 
887 
975 
351 
887 
1 
868 
23 
557 
841 
16 
335 
960 
962 
712 
60 
122 
614 
471 
811 
857 
702 
38 
548 
394 
355 
446 
251 
224 
622 
528 
720 
147 
694 
102 
535 
738 
574 
84 
161 
962 
283 
264 
266 
169 
510 
945 
277 
682 
373 
811 
203 
648 
0 
352 
682 
576 
626 
198 
359 
967 
717 
444 
288 
907 
694 
520 
381 
478 
594 
542 
112 
253 
227 
227 
701 
925 
967 
286 
304 
751 
110 
240 
529 
667 
711 
867 
966 
547 
516 
810 
395 
241 
354 
12 
354 
236 
784 
891 
242 
690 
907 
605 
701 
720 
370 
686 
769 
615 
641 
493 
112 
222 
863 
130 
309 
218 
886 
522 
330 
963 
930 
410 
477 
258 
896 
79 
782 
706 
620 
257 
6 
896 
651 
406 
80 
681 
964 
193 
496 
457 
258 
941 
728 
465 
77 
683 
125 
373 
210 
699 
788 
507 
258 
634 
227 
628 
311 
664 
363 
930 
52 
736 
628 
972 
399 
810 
684 
635 
122 
533 
615 
120 
794 
949 
848 
344 
811 
62 
540 
219 
441 
126 
257 
705 
260 
82 
258 
537 
373 
792 
819 
439 
627 
376 
153 
883 
838 
370 
558 
592 
41 
342 
209 
537 
468 
738 
281 
542 
255 
224 
869 
212 
801 
624 
570 
882 
383 
263 
136 
100 
513 
132 
120 
308 
916 
523 
397 
292 
400 
77 
474 
552 
49 
118 
195 
467 
939 
798 
850 
438 
652 
927 
969 
818 
9 
144 
834 
670 
716 
574 
275 
483 
123 
689 
546 
917 
206 
936 
821 
688 
924 
413 
370 
348 
952 
960 
140 
107 
675 
256 
90 
337 
644 
59 
231 
674 
299 
794 
81 
23 
349 
346 
864 
91 
68 
812 
993 
608 
971 
28 
206 
390 
618 
507 
286 
823 
847 
148 
814 
649 
586 
769 
106 
186 
763 
65 
171 
808 
380 
606 
997 
284 
374 
811 
599 
650 
521 
5 
681 
1 
880 
672 
573 
90 
410 
620 
936 
993 
643 
62 
917 
640 
377 
171 
752 
59 
807 
158 
140 
405 
450 
280 
102 
818 
379 
651 
525 
785 
599 
449 
132 
999 
162 
169 
628 
717 
15 
850 
775 
274 
808 
233 
484 
582 
214 
68 
277 
160 
888 
757 
492 
297 
500 
552 
81 
752 
529 
138 
528 
113 
728 
569 
476 
409 
917 
533 
926 
119 
403 
573 
769 
640 
520 
983 
271 
709 
682 
445 
507 
629 
578 
492 
518 
561 
296 
485 
700 
952 
352 
399 
404 
384 
114 
613 
205 
38 
175 
565 
778 
743 
562 
849 
222 
711 
351 
121 
380 
703 
185 
792 
223 
484 
514 
574 
918 
104 
886 
27 
341 
738 
941 
808 
406 
668 
697 
883 
921 
337 
747 
442 
991 
544 
250 
80 
87 
879 
262 
976 
783 
673 
658 
89 
436 
887 
194 
84 
143 
385 
503 
370 
2 
125 
625 
417 
218 
822 
543 
2 
791 
698 
824 
46 
813 
668 
115 
729 
959 
784 
803 
341 
82 
945 
992 
151 
489 
72 
305 
955 
77 
434 
128 
777 
303 
15 
161 
726 
441 
932 
650 
186 
809 
238 
463 
959 
652 
543 
403 
973 
102 
835 
446 
420 
670 
671 
484 
483 
102 
4 
676 
49 
6 
503 
487 
593 
349 
456 
780 
412 
455 
597 
208 
47 
592 
843 
905 
368 
728 
564 
883 
536 
617 
748 
305 
873 
148 
962 
435 
310 
474 
926 
553 
230 
770 
169 
624 
134 
281 
223 
677 
823 
124 
414 
108 
8 
840 
201 
674 
61 
907 
134 
954 
366 
365 
569 
824 
611 
899 
309 
976 
285 
580 
803 
465 
766 
941 
27 
351 
734 
192 
444 
575 
223 
879 
165 
548 
284 
196 
296 
242 
837 
258 
97 
768 
325 
300 
127 
748 
385 
346 
263 
821 
890 
806 
307 
228 
20 
324 
684 
425 
876 
54 
246 
221 
796 
148 
115 
136 
930 
421 
18 
309 
262 
610 
601 
61 
571 
236 
720 
359 
391 
111 
742 
247 
562 
112 
1 
239 
66 
214 
163 
321 
729 
476 
703 
223 
246 
117 
37 
110 
556 
381 
438 
333 
495 
775 
986 
890 
245 
779 
111 
408 
602 
412 
904 
91 
223 
240 
469 
155 
111 
776 
962 
849 
570 
301 
798 
277 
820 
542 
675 
551 
508 
320 
485 
438 
606 
588 
167 
490 
502 
255 
696 
361 
844 
902 
18 
544 
565 
200 
960 
735 
193 
951 
26 
940 
323 
892 
188 
817 
892 
245 
584 
919 
251 
593 
810 
406 
617 
536 
528 
801 
200 
266 
174 
180 
515 
805 
869 
858 
538 
326 
559 
674 
346 
412 
354 
527 
454 
568 
254 
70 
29 
770 
219 
823 
698 
47 
318 
683 
673 
14 
792 
111 
532 
747 
86 
509 
4 
2 
448 
993 
923 
334 
935 
942 
9 
990 
815 
24 
286 
827 
258 
291 
256 
916 
814 
45 
163 
811 
874 
858 
877 
690 
851 
229 
445 
792 
449 
826 
472 
611 
463 
784 
270 
583 
626 
916 
925 
725 
672 
413 
542 
40 
125 
65 
967 
974 
281 
148 
840 
424 
475 
875 
137 
348 
422 
978 
41 
714 
775 
958 
930 
685 
834 
318 
245 
344 
278 
231 
646 
5 
194 
195 
786 
871 
751 
776 
879 
162 
406 
935 
929 
252 
548 
10 
857 
284 
256 
529 
494 
16 
981 
671 
876 
169 
135 
725 
825 
947 
435 
46 
363 
335 
751 
287 
261 
987 
57 
731 
918 
680 
844 
942 
120 
129 
567 
299 
704 
254 
581 
820 
175 
39 
787 
504 
586 
80 
416 
449 
996 
748 
860 
390 
876 
700 
753 
64 
58 
375 
224 
929 
861 
352 
536 
6 
824 
91 
548 
136 
159 
913 
498 
85 
962 
487 
604 
17 
621 
880 
769 
463 
676 
407 
308 
615 
936 
259 
603 
231 
597 
243 
620 
340 
365 
607 
726 
57 
434 
503 
744 
595 
764 
468 
42 
568 
166 
603 
32 
692 
557 
112 
360 
6 
69 
556 
909 
181 
524 
319 
814 
969 
743 
102 
907 
794 
742 
483 
296 
174 
681 
724 
945 
378 
715 
932 
495 
22 
392 
935 
236 
925 
538 
271 
476 
168 
404 
989 
633 
407 
169 
859 
878 
215 
616 
723 
78 
422 
927 
907 
31 
444 
422 
957 
670 
69 
121 
676 
837 
422 
77 
71 
643 
396 
442 
186 
974 
86 
969 
455 
918 
142 
751 
377 
231 
550 
625 
128 
620 
455 
898 
511 
541 
117 
157 
81 
441 
309 
347 
141 
660 
430 
792 
242 
922 
742 
140 
924 
310 
381 
187 
802 
881 
19 
27 
434 
138 
112 
932 
487 
301 
581 
825 
902 
548 
621 
466 
592 
282 
711 
653 
215 
336 
616 
618 
853 
587 
992 
72 
859 
479 
270 
237 
836 
432 
426 
890 
878 
827 
722 
16 
43 
181 
748 
677 
98 
344 
479 
688 
56 
424 
802 
632 
314 
169 
475 
872 
975 
309 
93 
918 
710 
382 
851 
387 
790 
604 
320 
519 
149 
977 
585 
8 
951 
889 
309 
196 
300 
778 
884 
732 
941 
415 
847 
466 
151 
934 
692 
487 
110 
598 
953 
112 
793 
512 
15 
764 
847 
102 
940 
640 
84 
954 
226 
388 
885 
794 
336 
346 
38 
579 
20 
471 
190 
982 
688 
25 
804 
35 
553 
892 
259 
320 
262 
711 
496 
679 
941 
944 
966 
824 
735 
188 
806 
806 
358 
908 
732 
750 
833 
20 
130 
586 
892 
243 
115 
726 
512 
820 
965 
480 
705 
416 
303 
296 
27 
988 
790 
797 
233 
378 
741 
291 
576 
509 
364 
304 
324 
648 
952 
386 
845 
317 
759 
428 
657 
509 
236 
37 
357 
179 
362 
890 
965 
64 
551 
426 
989 
956 
733 
360 
642 
188 
552 
241 
69 
445 
883 
621 
239 
720 
379 
216 
81 
132 
360 
328 
34 
460 
972 
71 
698 
990 
553 
32 
395 
371 
279 
508 
507 
790 
678 
861 
587 
772 
626 
3 
576 
780 
168 
103 
297 
648 
829 
307 
460 
541 
809 
687 
5 
456 
943 
164 
805 
388 
381 
916 
387 
852 
312 
713 
914 
646 
180 
925 
356 
939 
392 
510 
206 
519 
769 
460 
18 
69 
810 
541 
674 
489 
532 
533 
386 
767 
551 
916 
776 
810 
161 
45 
691 
663 
522 
528 
911 
598 
273 
903 
461 
703 
592 
228 
52 
713 
224 
551 
152 
998 
188 
172 
109 
944 
938 
589 
167 
987 
999 
465 
319 
196 
273 
409 
622 
821 
139 
548 
33 
865 
202 
617 
539 
222 
37 
99 
997 
576 
843 
953 
227 
171 
963 
255 
102 
872 
617 
736 
605 
479 
828 
667 
620 
784 
301 
928 
704 
292 
70 
268 
147 
803 
637 
886 
130 
760 
983 
