122 
230 
374 
48 
330 
910 
702 
628 
440 
142 
456 
480 
980 
428 
956 
364 
402 
282 
48 
758 
520 
266 
260 
268 
366 
90 
808 
718 
728 
464 
476 
974 
258 
848 
728 
24 
996 
454 
638 
0 
734 
882 
252 
390 
848 
202 
620 
512 
736 
278 
990 
984 
920 
336 
708 
712 
712 
374 
438 
242 
522 
32 
478 
168 
22 
958 
776 
376 
758 
538 
934 
184 
694 
520 
228 
232 
182 
822 
932 
862 
220 
228 
468 
732 
990 
534 
764 
708 
422 
702 
854 
102 
850 
550 
968 
232 
78 
540 
426 
716 
452 
44 
818 
152 
284 
860 
790 
4 
842 
436 
600 
564 
698 
238 
88 
904 
358 
642 
350 
96 
750 
694 
948 
888 
930 
288 
886 
650 
576 
994 
320 
114 
116 
76 
208 
910 
932 
472 
338 
824 
836 
186 
662 
414 
370 
792 
808 
764 
180 
752 
626 
726 
896 
496 
572 
944 
642 
150 
656 
862 
776 
688 
854 
716 
890 
788 
224 
480 
548 
128 
778 
46 
688 
878 
198 
764 
934 
92 
602 
988 
938 
124 
180 
476 
152 
132 
710 
376 
190 
46 
116 
734 
796 
676 
484 
776 
246 
166 
982 
606 
880 
236 
206 
550 
626 
980 
64 
238 
548 
64 
828 
280 
408 
90 
660 
754 
136 
908 
804 
832 
918 
524 
254 
856 
724 
632 
938 
786 
918 
282 
20 
222 
904 
968 
584 
284 
328 
768 
724 
736 
170 
832 
454 
650 
708 
932 
476 
574 
160 
916 
548 
684 
664 
386 
902 
654 
282 
418 
158 
240 
486 
354 
52 
954 
766 
802 
252 
90 
558 
874 
810 
770 
298 
648 
488 
976 
90 
692 
656 
630 
812 
102 
764 
176 
754 
552 
296 
146 
72 
260 
458 
46 
138 
766 
32 
952 
548 
704 
734 
210 
442 
610 
360 
294 
650 
912 
224 
602 
848 
764 
988 
10 
88 
532 
672 
394 
414 
416 
56 
784 
524 
582 
528 
868 
698 
788 
588 
380 
446 
358 
298 
870 
30 
442 
736 
358 
580 
276 
214 
724 
704 
884 
16 
486 
646 
894 
594 
224 
734 
930 
764 
44 
398 
442 
458 
874 
966 
166 
938 
956 
586 
822 
8 
530 
166 
350 
164 
924 
444 
842 
292 
330 
386 
836 
376 
842 
620 
912 
16 
830 
634 
456 
438 
474 
280 
744 
286 
912 
284 
696 
8 
980 
960 
758 
612 
546 
600 
532 
890 
862 
724 
276 
680 
374 
762 
456 
906 
226 
96 
182 
120 
682 
336 
860 
122 
258 
454 
690 
162 
952 
164 
480 
896 
350 
742 
998 
34 
970 
710 
170 
212 
246 
484 
712 
670 
516 
738 
410 
750 
198 
636 
434 
562 
126 
418 
864 
274 
408 
74 
14 
896 
858 
306 
530 
92 
766 
834 
688 
810 
716 
690 
714 
642 
482 
782 
156 
112 
732 
182 
974 
796 
948 
32 
132 
910 
852 
216 
828 
402 
978 
182 
204 
688 
300 
606 
900 
730 
214 
400 
786 
788 
854 
988 
30 
608 
20 
572 
902 
498 
428 
912 
722 
742 
942 
270 
188 
114 
948 
300 
104 
140 
16 
22 
482 
678 
744 
104 
472 
402 
916 
154 
856 
250 
460 
424 
648 
112 
792 
152 
138 
898 
846 
908 
948 
26 
670 
682 
232 
972 
108 
868 
424 
338 
338 
438 
920 
608 
920 
656 
994 
208 
258 
824 
558 
950 
734 
578 
34 
948 
360 
362 
988 
206 
230 
864 
166 
680 
80 
594 
268 
538 
54 
328 
268 
762 
636 
752 
688 
20 
894 
22 
314 
920 
556 
664 
790 
596 
208 
696 
118 
620 
176 
630 
634 
384 
186 
896 
504 
978 
690 
416 
300 
366 
60 
314 
420 
64 
540 
922 
752 
184 
886 
294 
232 
0 
382 
798 
768 
8 
624 
408 
148 
720 
792 
476 
110 
152 
560 
442 
364 
482 
334 
52 
814 
172 
722 
834 
552 
146 
600 
130 
90 
500 
966 
266 
500 
368 
260 
314 
720 
438 
532 
10 
330 
972 
334 
752 
782 
662 
508 
440 
602 
796 
604 
380 
990 
370 
978 
618 
194 
946 
272 
108 
954 
350 
714 
804 
452 
614 
488 
130 
874 
472 
98 
820 
840 
868 
920 
944 
338 
718 
72 
952 
344 
276 
6 
42 
42 
934 
618 
218 
114 
76 
150 
986 
618 
728 
96 
518 
640 
224 
202 
184 
150 
54 
542 
142 
298 
864 
180 
958 
638 
408 
254 
968 
972 
274 
580 
706 
704 
758 
258 
578 
454 
198 
278 
562 
182 
246 
162 
240 
326 
430 
90 
880 
100 
384 
986 
240 
414 
280 
804 
146 
472 
198 
282 
86 
696 
66 
974 
168 
682 
770 
566 
956 
540 
194 
106 
414 
78 
156 
170 
58 
206 
174 
14 
786 
584 
918 
526 
674 
44 
718 
8 
806 
20 
824 
662 
454 
368 
670 
904 
296 
928 
962 
522 
854 
26 
146 
312 
728 
458 
570 
816 
292 
646 
934 
854 
646 
84 
868 
944 
982 
94 
958 
258 
864 
134 
136 
400 
734 
906 
522 
762 
158 
918 
440 
706 
72 
900 
60 
310 
236 
182 
6 
710 
78 
988 
758 
34 
440 
538 
956 
322 
992 
894 
358 
692 
176 
806 
356 
746 
584 
456 
196 
208 
720 
12 
560 
782 
16 
512 
916 
50 
110 
16 
328 
660 
84 
870 
642 
98 
450 
412 
558 
398 
844 
960 
724 
886 
650 
50 
688 
686 
412 
124 
986 
814 
530 
284 
98 
202 
56 
980 
612 
162 
840 
992 
12 
308 
658 
828 
764 
980 
508 
864 
742 
218 
584 
854 
988 
162 
976 
684 
802 
346 
302 
980 
156 
844 
938 
918 
990 
932 
36 
442 
84 
822 
190 
394 
976 
900 
220 
706 
210 
526 
160 
398 
436 
72 
896 
192 
36 
6 
632 
414 
448 
698 
288 
996 
728 
496 
16 
514 
408 
696 
374 
820 
838 
80 
954 
662 
724 
320 
924 
88 
178 
262 
392 
872 
426 
334 
730 
218 
40 
902 
854 
568 
130 
330 
842 
482 
754 
884 
922 
660 
676 
894 
646 
792 
2 
6 
390 
814 
586 
894 
6 
104 
474 
324 
776 
510 
796 
370 
552 
922 
276 
308 
100 
694 
522 
560 
812 
18 
666 
460 
466 
88 
658 
118 
162 
28 
146 
634 
824 
510 
912 
842 
958 
648 
510 
492 
634 
596 
18 
770 
892 
82 
648 
262 
842 
140 
176 
438 
86 
994 
430 
332 
624 
178 
246 
172 
530 
360 
750 
822 
122 
550 
642 
132 
392 
110 
272 
696 
418 
476 
464 
152 
386 
108 
150 
982 
240 
534 
930 
458 
472 
442 
120 
406 
764 
42 
892 
310 
880 
568 
656 
836 
356 
732 
340 
222 
746 
906 
92 
924 
80 
432 
418 
114 
58 
38 
104 
496 
476 
982 
922 
646 
624 
240 
454 
186 
640 
818 
366 
770 
478 
80 
396 
740 
122 
848 
742 
628 
46 
156 
330 
198 
388 
890 
494 
784 
246 
378 
472 
672 
732 
252 
72 
166 
802 
920 
512 
596 
142 
420 
584 
886 
400 
506 
666 
132 
336 
892 
700 
172 
976 
6 
42 
698 
4 
614 
534 
266 
110 
626 
240 
720 
372 
806 
442 
774 
102 
692 
126 
478 
826 
432 
648 
574 
330 
968 
18 
610 
638 
468 
390 
938 
542 
618 
92 
776 
522 
760 
144 
934 
896 
86 
420 
54 
936 
494 
68 
66 
592 
746 
362 
930 
176 
666 
186 
638 
810 
862 
992 
508 
90 
858 
268 
278 
738 
926 
794 
692 
726 
358 
468 
302 
964 
108 
216 
150 
46 
854 
912 
86 
552 
308 
868 
632 
398 
836 
34 
50 
904 
586 
744 
220 
296 
292 
474 
114 
332 
730 
426 
914 
58 
308 
348 
128 
830 
262 
574 
370 
198 
104 
250 
632 
496 
884 
782 
662 
334 
442 
312 
234 
198 
164 
298 
0 
790 
178 
770 
274 
464 
400 
122 
8 
48 
246 
306 
748 
576 
674 
196 
16 
280 
784 
644 
730 
924 
174 
84 
978 
26 
306 
68 
936 
234 
584 
978 
284 
898 
906 
238 
494 
688 
514 
416 
184 
112 
952 
498 
738 
152 
674 
156 
18 
244 
178 
926 
336 
234 
368 
124 
572 
780 
684 
326 
836 
490 
798 
568 
684 
300 
686 
404 
972 
936 
234 
828 
976 
72 
852 
970 
540 
506 
342 
318 
928 
926 
116 
216 
764 
482 
186 
610 
82 
22 
416 
218 
244 
752 
80 
96 
778 
976 
292 
588 
476 
754 
362 
786 
58 
842 
550 
524 
794 
282 
282 
496 
890 
634 
224 
552 
906 
494 
336 
420 
438 
38 
298 
178 
456 
664 
350 
512 
868 
740 
566 
290 
786 
842 
296 
994 
104 
72 
752 
364 
890 
20 
638 
758 
630 
378 
778 
702 
498 
490 
974 
72 
710 
966 
870 
746 
240 
994 
546 
46 
18 
198 
914 
630 
446 
486 
86 
246 
46 
328 
844 
466 
396 
132 
332 
948 
984 
374 
108 
318 
850 
676 
936 
742 
398 
932 
142 
76 
454 
800 
538 
760 
654 
308 
652 
48 
448 
494 
704 
132 
762 
382 
508 
468 
722 
356 
12 
568 
614 
456 
692 
470 
680 
504 
676 
562 
334 
424 
350 
656 
742 
298 
156 
202 
136 
690 
776 
928 
326 
468 
204 
740 
394 
874 
152 
722 
360 
294 
398 
260 
652 
42 
922 
436 
518 
254 
46 
814 
630 
196 
62 
452 
340 
708 
842 
816 
346 
394 
572 
586 
536 
86 
636 
986 
820 
438 
442 
730 
408 
218 
202 
962 
494 
930 
602 
536 
70 
234 
438 
886 
874 
946 
6 
600 
724 
536 
340 
268 
932 
28 
340 
208 
734 
296 
790 
704 
450 
862 
920 
618 
640 
608 
296 
572 
208 
296 
520 
854 
606 
778 
606 
876 
854 
922 
114 
872 
754 
50 
572 
720 
152 
876 
126 
434 
600 
714 
80 
666 
796 
230 
492 
278 
44 
796 
742 
868 
16 
960 
962 
712 
60 
122 
614 
702 
38 
548 
394 
446 
224 
622 
528 
720 
694 
102 
738 
574 
84 
962 
264 
266 
510 
682 
648 
0 
352 
682 
576 
626 
198 
444 
288 
694 
520 
478 
594 
542 
112 
286 
304 
110 
240 
966 
516 
810 
354 
12 
354 
236 
784 
242 
690 
720 
370 
686 
112 
222 
130 
218 
886 
522 
330 
930 
410 
258 
896 
782 
706 
620 
6 
896 
406 
80 
964 
496 
258 
728 
210 
788 
258 
634 
628 
664 
930 
52 
736 
628 
972 
810 
684 
122 
120 
794 
848 
344 
62 
540 
126 
260 
82 
258 
792 
376 
838 
370 
558 
592 
342 
468 
738 
542 
224 
212 
624 
570 
882 
136 
100 
132 
120 
308 
916 
292 
400 
474 
552 
118 
798 
850 
438 
652 
818 
144 
834 
670 
716 
574 
546 
206 
936 
688 
924 
370 
348 
952 
960 
140 
256 
90 
644 
674 
794 
346 
864 
68 
812 
608 
28 
206 
390 
618 
286 
148 
814 
586 
106 
186 
808 
380 
606 
284 
374 
650 
880 
672 
90 
410 
620 
936 
62 
640 
752 
158 
140 
450 
280 
102 
818 
132 
162 
628 
850 
274 
808 
484 
582 
214 
68 
160 
888 
492 
500 
552 
752 
138 
528 
728 
476 
926 
640 
520 
682 
578 
492 
518 
296 
700 
952 
352 
404 
384 
114 
38 
778 
562 
222 
380 
792 
484 
514 
574 
918 
104 
886 
738 
808 
406 
668 
442 
544 
250 
80 
262 
976 
658 
436 
194 
84 
370 
2 
218 
822 
2 
698 
824 
46 
668 
784 
82 
992 
72 
434 
128 
726 
932 
650 
186 
238 
652 
102 
446 
420 
670 
484 
102 
4 
676 
6 
456 
780 
412 
208 
592 
368 
728 
564 
536 
748 
148 
962 
310 
474 
926 
230 
770 
624 
134 
124 
414 
108 
8 
840 
674 
134 
954 
366 
824 
976 
580 
766 
734 
192 
444 
548 
284 
196 
296 
242 
258 
768 
300 
748 
346 
890 
806 
228 
20 
324 
684 
876 
54 
246 
796 
148 
136 
930 
18 
262 
610 
236 
720 
742 
562 
112 
66 
214 
476 
246 
110 
556 
438 
986 
890 
408 
602 
412 
904 
240 
776 
962 
570 
798 
820 
542 
508 
320 
438 
606 
588 
490 
502 
696 
844 
902 
18 
544 
200 
960 
26 
940 
892 
188 
892 
584 
810 
406 
536 
528 
200 
266 
174 
180 
858 
538 
326 
674 
346 
412 
354 
454 
568 
254 
70 
770 
698 
318 
14 
792 
532 
86 
4 
2 
448 
334 
942 
990 
24 
286 
258 
256 
916 
814 
874 
858 
690 
792 
826 
472 
784 
270 
626 
916 
672 
542 
40 
974 
148 
840 
424 
348 
422 
978 
714 
958 
930 
834 
318 
344 
278 
646 
194 
786 
776 
162 
406 
252 
548 
10 
284 
256 
494 
16 
876 
46 
918 
680 
844 
942 
120 
704 
254 
820 
504 
586 
80 
416 
996 
748 
860 
390 
876 
700 
64 
58 
224 
352 
536 
6 
824 
548 
136 
498 
962 
604 
880 
676 
308 
936 
620 
340 
726 
434 
744 
764 
468 
42 
568 
166 
32 
692 
112 
360 
6 
556 
524 
814 
102 
794 
742 
296 
174 
724 
378 
932 
22 
392 
236 
538 
476 
168 
404 
878 
616 
78 
422 
444 
422 
670 
676 
422 
396 
442 
186 
974 
86 
918 
142 
550 
128 
620 
898 
660 
430 
792 
242 
922 
742 
140 
924 
310 
802 
434 
138 
112 
932 
902 
548 
466 
592 
282 
336 
616 
618 
992 
72 
270 
836 
432 
426 
890 
878 
722 
16 
748 
98 
344 
688 
56 
424 
802 
632 
314 
872 
918 
710 
382 
790 
604 
320 
8 
196 
300 
778 
884 
732 
466 
934 
692 
110 
598 
112 
512 
764 
102 
940 
640 
84 
954 
226 
388 
794 
336 
346 
38 
20 
190 
982 
688 
804 
892 
320 
262 
496 
944 
966 
824 
188 
806 
806 
358 
908 
732 
750 
20 
130 
586 
892 
726 
512 
820 
480 
416 
296 
988 
790 
378 
576 
364 
304 
324 
648 
952 
386 
428 
236 
362 
890 
64 
426 
956 
360 
642 
188 
552 
720 
216 
132 
360 
328 
34 
460 
972 
698 
990 
32 
508 
790 
678 
772 
626 
576 
780 
168 
648 
460 
456 
164 
388 
916 
852 
312 
914 
646 
180 
356 
392 
510 
206 
460 
18 
810 
674 
532 
386 
916 
776 
810 
522 
528 
598 
592 
228 
52 
224 
152 
998 
188 
172 
944 
938 
196 
622 
548 
202 
222 
576 
102 
872 
736 
828 
620 
784 
928 
704 
292 
70 
268 
886 
130 
760 
