343 
735 
405 
885 
535 
89 
187 
79 
887 
875 
59 
81 
343 
959 
389 
509 
151 
181 
405 
147 
425 
173 
889 
767 
235 
749 
767 
919 
985 
371 
759 
5 
439 
881 
409 
147 
667 
713 
351 
621 
493 
765 
501 
727 
37 
685 
333 
881 
341 
487 
509 
835 
307 
379 
809 
415 
631 
743 
597 
193 
419 
349 
639 
327 
653 
597 
987 
417 
573 
305 
941 
81 
999 
431 
97 
565 
557 
635 
413 
553 
365 
93 
67 
253 
375 
443 
721 
5 
59 
451 
645 
3 
961 
1 
569 
413 
291 
973 
863 
437 
947 
323 
135 
105 
25 
527 
229 
809 
455 
895 
379 
171 
287 
815 
845 
749 
369 
17 
113 
887 
553 
749 
695 
723 
453 
253 
37 
481 
299 
85 
233 
249 
881 
165 
863 
697 
883 
831 
199 
917 
179 
197 
477 
215 
143 
329 
203 
209 
633 
831 
195 
689 
945 
673 
957 
287 
493 
331 
197 
379 
311 
349 
491 
873 
81 
155 
433 
325 
273 
733 
85 
983 
747 
415 
363 
153 
355 
303 
695 
973 
513 
551 
25 
637 
155 
353 
727 
159 
503 
913 
813 
247 
901 
121 
987 
983 
461 
835 
741 
959 
317 
611 
799 
105 
281 
199 
429 
489 
183 
731 
75 
603 
759 
475 
495 
733 
605 
865 
473 
403 
109 
347 
831 
607 
589 
433 
245 
777 
777 
385 
881 
325 
775 
493 
557 
819 
121 
647 
205 
925 
225 
449 
219 
613 
199 
141 
519 
619 
913 
321 
279 
667 
465 
815 
937 
167 
401 
123 
377 
519 
697 
563 
779 
929 
677 
421 
277 
227 
469 
793 
493 
751 
429 
615 
157 
795 
561 
63 
485 
207 
603 
311 
23 
637 
321 
647 
43 
973 
695 
781 
373 
345 
331 
323 
221 
587 
257 
83 
811 
743 
805 
363 
833 
521 
591 
941 
249 
843 
465 
45 
505 
147 
67 
555 
685 
53 
505 
575 
375 
321 
553 
311 
915 
453 
549 
881 
901 
575 
53 
297 
599 
693 
825 
865 
569 
11 
365 
135 
557 
3 
849 
33 
187 
329 
401 
671 
321 
217 
349 
755 
199 
33 
791 
695 
723 
359 
383 
997 
549 
485 
807 
287 
455 
971 
171 
103 
957 
53 
309 
41 
297 
885 
979 
711 
95 
151 
579 
519 
267 
91 
155 
547 
745 
505 
461 
195 
657 
747 
439 
525 
683 
423 
185 
941 
977 
431 
621 
453 
803 
591 
413 
221 
469 
741 
247 
63 
573 
181 
163 
189 
793 
19 
157 
795 
301 
555 
595 
1 
235 
985 
889 
69 
281 
597 
699 
813 
867 
799 
529 
549 
101 
577 
689 
245 
95 
3 
205 
499 
195 
515 
1 
649 
215 
273 
535 
225 
305 
999 
197 
759 
647 
661 
785 
285 
297 
657 
247 
207 
139 
537 
343 
619 
195 
577 
699 
763 
285 
469 
295 
283 
739 
879 
811 
189 
179 
241 
651 
585 
649 
653 
475 
119 
259 
365 
111 
571 
623 
525 
451 
555 
413 
437 
903 
921 
305 
155 
691 
743 
773 
117 
377 
85 
183 
969 
707 
609 
637 
811 
171 
123 
275 
797 
59 
281 
145 
979 
257 
677 
239 
91 
327 
975 
459 
333 
853 
939 
823 
977 
215 
873 
833 
513 
15 
35 
885 
325 
861 
691 
709 
945 
223 
449 
757 
11 
855 
489 
993 
775 
315 
545 
941 
881 
509 
501 
729 
819 
29 
529 
533 
391 
681 
39 
845 
191 
687 
669 
895 
411 
175 
453 
143 
761 
241 
349 
663 
279 
447 
761 
875 
923 
955 
971 
417 
715 
595 
227 
57 
763 
771 
675 
75 
679 
359 
691 
137 
205 
317 
803 
715 
67 
569 
541 
973 
963 
393 
467 
271 
779 
817 
325 
337 
801 
69 
419 
415 
105 
973 
755 
163 
403 
13 
611 
511 
877 
955 
995 
67 
431 
643 
501 
569 
371 
237 
769 
183 
161 
765 
189 
205 
477 
777 
597 
1 
75 
667 
953 
705 
965 
515 
187 
5 
27 
569 
443 
551 
377 
549 
985 
573 
329 
277 
823 
339 
931 
37 
63 
601 
561 
211 
941 
271 
275 
19 
683 
435 
21 
127 
403 
65 
379 
125 
535 
893 
535 
57 
477 
631 
541 
127 
467 
735 
171 
237 
957 
805 
715 
787 
239 
287 
205 
1 
465 
183 
313 
555 
849 
691 
277 
31 
911 
319 
913 
619 
113 
867 
653 
217 
787 
357 
171 
945 
773 
723 
25 
185 
575 
149 
439 
109 
177 
897 
505 
335 
347 
269 
559 
685 
117 
277 
169 
491 
793 
863 
71 
551 
853 
547 
631 
1 
509 
911 
201 
715 
491 
939 
557 
211 
833 
115 
189 
617 
547 
499 
303 
247 
991 
753 
417 
931 
713 
111 
277 
411 
175 
321 
987 
289 
651 
593 
659 
703 
109 
413 
477 
889 
677 
973 
381 
399 
243 
415 
603 
635 
565 
5 
481 
323 
709 
665 
671 
815 
851 
47 
989 
605 
591 
485 
165 
689 
113 
793 
389 
627 
139 
171 
417 
421 
281 
491 
755 
269 
35 
123 
317 
645 
235 
793 
979 
965 
559 
349 
943 
637 
91 
225 
231 
55 
651 
473 
537 
777 
197 
55 
209 
551 
293 
847 
255 
117 
361 
401 
303 
491 
247 
309 
931 
237 
23 
633 
361 
447 
729 
253 
729 
757 
891 
777 
113 
143 
311 
889 
133 
605 
439 
823 
979 
701 
63 
427 
39 
843 
457 
585 
399 
757 
717 
347 
615 
15 
503 
235 
635 
629 
581 
625 
865 
801 
343 
285 
161 
789 
835 
337 
189 
125 
877 
649 
79 
107 
317 
425 
131 
217 
793 
755 
647 
423 
229 
621 
369 
449 
5 
507 
895 
369 
423 
589 
609 
253 
89 
559 
877 
83 
183 
757 
467 
645 
813 
637 
107 
125 
813 
657 
319 
949 
825 
909 
369 
823 
959 
265 
369 
135 
539 
299 
355 
419 
495 
49 
497 
215 
283 
253 
515 
969 
953 
493 
321 
773 
457 
919 
265 
647 
865 
49 
889 
189 
457 
475 
639 
29 
487 
879 
581 
999 
893 
47 
87 
731 
813 
613 
635 
159 
53 
305 
555 
501 
15 
941 
343 
57 
179 
547 
345 
535 
651 
371 
81 
285 
763 
975 
637 
139 
415 
921 
57 
341 
481 
51 
427 
651 
635 
923 
325 
235 
739 
285 
11 
183 
803 
997 
795 
995 
223 
477 
951 
485 
57 
479 
19 
511 
367 
127 
535 
783 
743 
595 
845 
939 
39 
635 
653 
385 
63 
785 
229 
973 
647 
331 
507 
269 
867 
189 
33 
327 
323 
583 
33 
471 
523 
53 
141 
545 
831 
247 
29 
641 
993 
361 
425 
921 
29 
447 
549 
337 
365 
561 
377 
875 
657 
769 
393 
509 
779 
487 
571 
9 
135 
495 
1 
803 
477 
285 
233 
375 
423 
331 
243 
761 
851 
171 
199 
547 
815 
417 
141 
405 
823 
553 
963 
129 
675 
177 
745 
849 
369 
953 
955 
697 
117 
795 
717 
357 
367 
415 
183 
687 
887 
591 
489 
425 
773 
379 
909 
645 
445 
505 
853 
841 
359 
955 
213 
391 
329 
989 
705 
731 
229 
971 
283 
83 
289 
63 
903 
9 
467 
55 
353 
69 
625 
289 
405 
505 
597 
377 
781 
991 
613 
633 
271 
789 
377 
827 
317 
817 
763 
333 
243 
759 
523 
441 
557 
69 
215 
953 
147 
745 
145 
303 
669 
247 
573 
729 
383 
1 
279 
47 
697 
515 
589 
299 
707 
789 
263 
145 
437 
405 
639 
561 
171 
163 
69 
17 
517 
789 
341 
809 
549 
583 
305 
713 
425 
237 
865 
207 
545 
943 
371 
65 
697 
467 
489 
645 
671 
869 
647 
847 
749 
137 
205 
545 
729 
119 
921 
703 
955 
513 
385 
431 
795 
215 
1 
91 
661 
709 
119 
969 
569 
869 
599 
351 
787 
571 
725 
225 
249 
847 
837 
535 
775 
183 
475 
197 
689 
891 
871 
161 
195 
739 
923 
719 
653 
217 
439 
777 
775 
495 
729 
121 
93 
163 
919 
263 
425 
483 
413 
505 
101 
689 
751 
563 
77 
423 
39 
249 
53 
879 
465 
733 
699 
679 
579 
75 
335 
229 
841 
981 
625 
391 
729 
785 
745 
479 
23 
721 
101 
837 
251 
915 
859 
915 
465 
679 
471 
557 
947 
25 
585 
429 
785 
127 
269 
325 
491 
201 
881 
763 
293 
123 
965 
699 
211 
805 
161 
733 
369 
381 
873 
101 
105 
165 
931 
721 
553 
269 
529 
413 
801 
551 
985 
893 
969 
695 
495 
943 
985 
109 
861 
543 
153 
47 
103 
387 
537 
531 
727 
459 
301 
177 
49 
675 
651 
181 
689 
809 
61 
511 
817 
121 
71 
253 
557 
911 
615 
427 
741 
131 
735 
817 
853 
279 
605 
425 
933 
465 
359 
33 
267 
965 
753 
133 
739 
837 
401 
777 
547 
493 
475 
41 
505 
593 
117 
529 
143 
71 
65 
645 
541 
633 
905 
693 
867 
869 
273 
911 
773 
553 
245 
435 
315 
959 
683 
199 
305 
179 
999 
829 
77 
739 
747 
109 
971 
649 
599 
209 
245 
387 
357 
329 
367 
65 
415 
525 
833 
459 
653 
153 
993 
963 
621 
201 
887 
629 
943 
875 
233 
251 
891 
43 
851 
477 
231 
73 
491 
355 
299 
913 
335 
201 
287 
887 
847 
795 
263 
87 
229 
891 
669 
33 
721 
353 
47 
703 
177 
753 
179 
271 
723 
623 
199 
411 
749 
613 
583 
257 
357 
119 
267 
887 
339 
97 
457 
133 
189 
329 
969 
705 
721 
245 
455 
743 
307 
837 
657 
229 
667 
143 
889 
139 
127 
983 
783 
113 
667 
107 
385 
463 
687 
889 
841 
299 
981 
379 
33 
549 
451 
207 
25 
799 
965 
999 
709 
421 
285 
319 
463 
65 
865 
849 
913 
645 
637 
867 
133 
275 
193 
325 
695 
813 
223 
51 
445 
233 
735 
585 
601 
137 
367 
243 
917 
7 
913 
445 
105 
133 
61 
339 
899 
157 
955 
755 
441 
717 
245 
383 
871 
659 
235 
501 
117 
997 
721 
325 
303 
485 
651 
293 
611 
785 
15 
993 
999 
253 
173 
863 
679 
857 
615 
477 
725 
47 
217 
945 
213 
983 
391 
917 
431 
235 
867 
397 
325 
421 
371 
197 
931 
449 
879 
219 
171 
283 
463 
475 
99 
839 
701 
39 
685 
325 
137 
667 
727 
481 
529 
651 
103 
929 
439 
507 
219 
251 
477 
739 
393 
689 
759 
593 
723 
449 
951 
673 
453 
167 
495 
407 
893 
99 
591 
851 
165 
757 
111 
815 
717 
553 
309 
673 
645 
847 
77 
387 
939 
329 
255 
983 
125 
935 
523 
999 
285 
701 
735 
297 
661 
609 
5 
221 
127 
541 
497 
915 
581 
711 
81 
439 
991 
73 
757 
875 
691 
601 
383 
443 
243 
623 
141 
43 
691 
319 
567 
319 
203 
783 
799 
663 
389 
673 
331 
927 
29 
543 
931 
235 
65 
273 
551 
655 
337 
415 
243 
45 
549 
701 
683 
751 
729 
209 
877 
207 
177 
331 
805 
511 
233 
333 
483 
625 
207 
709 
921 
863 
701 
403 
907 
645 
393 
475 
597 
445 
295 
489 
71 
71 
809 
373 
321 
409 
785 
843 
903 
205 
485 
981 
681 
1 
15 
67 
631 
133 
617 
957 
679 
321 
811 
721 
989 
729 
229 
421 
963 
673 
977 
535 
157 
417 
245 
639 
367 
473 
107 
455 
131 
539 
979 
541 
381 
975 
815 
85 
207 
381 
597 
187 
643 
859 
917 
937 
591 
335 
899 
333 
797 
337 
505 
877 
855 
735 
567 
629 
711 
253 
723 
521 
125 
499 
551 
111 
495 
615 
641 
469 
481 
315 
609 
95 
495 
149 
139 
13 
543 
141 
461 
145 
237 
227 
643 
709 
997 
503 
389 
137 
131 
305 
277 
719 
877 
543 
599 
251 
577 
167 
385 
593 
715 
63 
165 
15 
221 
863 
345 
937 
593 
851 
243 
95 
985 
163 
195 
623 
803 
629 
465 
945 
883 
187 
909 
793 
449 
575 
725 
771 
273 
65 
275 
931 
73 
675 
393 
775 
319 
243 
159 
709 
61 
71 
689 
835 
197 
57 
775 
83 
633 
453 
355 
961 
117 
741 
697 
153 
437 
583 
757 
91 
289 
889 
671 
819 
675 
117 
559 
31 
639 
331 
191 
571 
467 
515 
231 
247 
273 
963 
319 
693 
793 
285 
601 
901 
491 
883 
445 
507 
459 
961 
141 
17 
61 
549 
463 
927 
281 
349 
127 
199 
807 
519 
45 
679 
853 
671 
827 
81 
135 
459 
183 
351 
967 
601 
795 
65 
99 
5 
905 
341 
715 
457 
475 
607 
387 
629 
273 
819 
471 
515 
383 
31 
405 
185 
649 
707 
553 
439 
793 
979 
731 
205 
735 
953 
979 
135 
339 
625 
227 
361 
267 
755 
15 
909 
995 
477 
659 
269 
469 
211 
607 
577 
215 
411 
305 
231 
521 
143 
265 
27 
959 
627 
17 
87 
575 
167 
829 
27 
445 
437 
361 
457 
715 
91 
243 
913 
353 
741 
269 
583 
71 
395 
239 
345 
187 
971 
125 
219 
629 
375 
963 
149 
517 
103 
723 
249 
927 
295 
379 
591 
675 
633 
415 
165 
841 
385 
683 
569 
303 
405 
633 
653 
743 
195 
731 
863 
371 
451 
709 
235 
995 
779 
873 
673 
383 
123 
25 
457 
953 
571 
753 
843 
301 
831 
841 
455 
847 
861 
593 
259 
31 
479 
39 
5 
417 
777 
913 
869 
931 
203 
47 
979 
559 
313 
711 
237 
495 
375 
531 
143 
555 
291 
989 
17 
361 
233 
535 
823 
473 
517 
857 
935 
527 
853 
575 
477 
509 
853 
907 
361 
813 
81 
189 
925 
825 
763 
755 
183 
421 
137 
647 
953 
351 
321 
999 
559 
41 
253 
945 
505 
105 
163 
557 
733 
919 
427 
925 
199 
457 
707 
781 
129 
367 
191 
979 
931 
9 
39 
413 
259 
689 
903 
471 
17 
841 
497 
555 
423 
491 
111 
119 
825 
89 
135 
135 
297 
63 
875 
143 
411 
285 
303 
975 
823 
325 
119 
695 
835 
913 
445 
877 
747 
435 
739 
481 
959 
915 
863 
325 
673 
347 
171 
389 
137 
955 
713 
733 
811 
119 
437 
531 
81 
715 
895 
553 
549 
239 
11 
511 
567 
219 
125 
63 
773 
945 
23 
869 
547 
333 
995 
21 
553 
285 
505 
467 
515 
333 
95 
355 
495 
69 
149 
837 
927 
551 
937 
597 
525 
525 
285 
629 
483 
331 
799 
779 
295 
875 
723 
551 
17 
545 
405 
193 
151 
971 
95 
749 
261 
565 
251 
431 
547 
927 
637 
669 
867 
911 
993 
971 
87 
111 
139 
575 
865 
837 
353 
907 
75 
39 
159 
729 
923 
647 
591 
291 
659 
677 
93 
309 
509 
661 
21 
461 
291 
347 
281 
597 
599 
899 
473 
85 
137 
883 
487 
929 
869 
875 
747 
163 
39 
579 
785 
887 
139 
803 
811 
629 
455 
993 
793 
991 
737 
895 
331 
781 
391 
435 
87 
643 
785 
81 
837 
179 
295 
905 
391 
919 
327 
497 
571 
135 
451 
551 
349 
841 
665 
489 
423 
85 
205 
315 
727 
495 
443 
837 
495 
253 
887 
229 
283 
259 
815 
309 
987 
485 
845 
161 
41 
283 
887 
507 
935 
525 
619 
93 
861 
425 
339 
741 
183 
469 
385 
771 
999 
633 
645 
341 
777 
45 
375 
811 
795 
215 
157 
397 
567 
253 
839 
527 
363 
185 
603 
63 
757 
739 
569 
981 
369 
767 
117 
521 
193 
505 
311 
981 
733 
95 
507 
803 
321 
971 
65 
377 
49 
303 
499 
397 
263 
849 
167 
693 
253 
635 
167 
103 
821 
115 
839 
235 
457 
847 
365 
673 
751 
325 
31 
627 
795 
953 
479 
233 
59 
719 
853 
481 
21 
749 
49 
853 
265 
93 
711 
837 
477 
135 
327 
265 
839 
431 
345 
321 
541 
885 
119 
947 
819 
405 
651 
15 
73 
979 
71 
321 
221 
563 
743 
777 
883 
473 
357 
87 
133 
643 
957 
315 
809 
297 
165 
63 
551 
841 
313 
165 
775 
559 
627 
657 
733 
605 
327 
631 
987 
595 
543 
189 
315 
447 
73 
57 
233 
821 
35 
255 
411 
207 
233 
727 
247 
575 
215 
689 
321 
653 
317 
947 
659 
701 
449 
511 
751 
397 
31 
981 
917 
53 
833 
603 
561 
861 
329 
919 
459 
295 
343 
997 
621 
1 
811 
301 
995 
287 
355 
913 
205 
887 
29 
915 
679 
651 
19 
177 
431 
901 
533 
117 
879 
871 
479 
157 
669 
87 
547 
197 
639 
559 
537 
679 
903 
739 
853 
3 
233 
615 
11 
65 
555 
715 
939 
709 
429 
757 
899 
877 
87 
615 
201 
433 
303 
535 
59 
123 
543 
191 
15 
709 
385 
499 
153 
591 
137 
157 
773 
709 
221 
909 
479 
995 
787 
539 
143 
529 
293 
841 
279 
267 
291 
245 
859 
661 
515 
77 
221 
271 
275 
389 
615 
143 
869 
145 
13 
703 
95 
327 
223 
305 
139 
783 
181 
621 
513 
455 
297 
381 
323 
679 
147 
473 
747 
479 
905 
895 
991 
569 
201 
511 
521 
47 
861 
525 
221 
717 
227 
423 
349 
237 
441 
907 
335 
483 
317 
593 
497 
355 
19 
389 
583 
581 
151 
393 
211 
177 
157 
897 
169 
75 
465 
769 
123 
159 
647 
661 
887 
129 
585 
303 
65 
55 
453 
605 
109 
531 
169 
961 
449 
895 
79 
267 
207 
807 
321 
471 
919 
457 
685 
931 
521 
301 
45 
407 
379 
685 
227 
321 
235 
545 
55 
683 
449 
235 
519 
559 
383 
75 
953 
75 
777 
473 
921 
131 
295 
521 
219 
257 
99 
689 
593 
5 
361 
803 
569 
379 
743 
731 
389 
695 
355 
921 
623 
173 
713 
961 
213 
523 
419 
795 
151 
151 
15 
469 
597 
431 
623 
407 
105 
409 
675 
901 
187 
281 
55 
943 
369 
377 
777 
307 
411 
791 
257 
795 
167 
135 
853 
777 
775 
121 
835 
157 
479 
229 
125 
885 
635 
207 
763 
157 
151 
703 
187 
55 
493 
777 
181 
63 
303 
385 
705 
277 
679 
779 
619 
5 
837 
639 
15 
711 
721 
423 
613 
71 
129 
517 
807 
319 
765 
171 
225 
469 
211 
11 
593 
141 
441 
267 
545 
741 
41 
677 
547 
51 
311 
191 
427 
769 
53 
897 
479 
427 
725 
19 
687 
503 
567 
511 
723 
715 
971 
159 
421 
233 
647 
729 
723 
545 
247 
165 
847 
405 
151 
541 
17 
83 
201 
209 
155 
563 
127 
559 
599 
179 
931 
627 
977 
591 
887 
61 
163 
251 
417 
475 
181 
853 
641 
925 
821 
985 
969 
99 
495 
217 
541 
183 
991 
81 
903 
19 
315 
99 
997 
437 
151 
969 
417 
11 
695 
267 
147 
709 
891 
421 
311 
367 
995 
695 
85 
165 
415 
837 
697 
735 
301 
995 
449 
925 
51 
151 
445 
205 
289 
973 
327 
71 
15 
817 
593 
599 
595 
283 
469 
27 
939 
409 
471 
369 
643 
219 
467 
355 
775 
325 
51 
727 
31 
419 
499 
975 
465 
437 
249 
221 
13 
257 
497 
161 
229 
955 
645 
881 
983 
753 
511 
577 
865 
373 
965 
871 
163 
531 
521 
57 
1 
675 
235 
189 
309 
365 
877 
7 
7 
773 
197 
537 
361 
309 
561 
905 
85 
379 
687 
361 
149 
191 
631 
619 
305 
385 
391 
875 
959 
957 
445 
627 
191 
55 
71 
25 
907 
459 
865 
339 
551 
457 
177 
833 
521 
919 
883 
59 
691 
795 
347 
905 
735 
685 
397 
183 
633 
411 
193 
61 
985 
439 
813 
1 
449 
809 
631 
567 
253 
525 
505 
195 
321 
403 
369 
289 
733 
175 
489 
895 
677 
121 
931 
485 
351 
37 
1 
813 
21 
877 
337 
341 
467 
933 
349 
231 
101 
589 
393 
795 
897 
425 
603 
973 
263 
137 
101 
639 
5 
881 
759 
757 
969 
91 
965 
877 
519 
41 
851 
323 
811 
405 
947 
817 
863 
731 
599 
695 
759 
45 
971 
979 
167 
949 
239 
541 
45 
671 
653 
863 
379 
441 
987 
827 
399 
129 
323 
857 
889 
945 
145 
779 
29 
995 
575 
539 
113 
291 
557 
963 
951 
929 
229 
921 
711 
181 
153 
411 
833 
217 
553 
615 
883 
655 
693 
147 
211 
195 
435 
861 
775 
537 
901 
303 
111 
11 
15 
301 
695 
999 
539 
453 
233 
697 
717 
769 
775 
461 
915 
975 
375 
361 
77 
