281 
685 
487 
955 
547 
519 
313 
881 
11 
289 
595 
51 
55 
253 
469 
71 
237 
937 
721 
505 
573 
885 
969 
183 
713 
799 
967 
767 
455 
947 
589 
349 
119 
967 
461 
701 
387 
135 
863 
575 
261 
643 
85 
617 
535 
165 
459 
235 
661 
847 
959 
157 
385 
595 
493 
663 
947 
477 
283 
715 
931 
71 
263 
39 
605 
941 
585 
861 
233 
971 
815 
595 
639 
453 
489 
359 
687 
821 
897 
397 
363 
435 
845 
585 
725 
699 
553 
735 
845 
673 
95 
647 
1 
363 
989 
123 
601 
887 
127 
795 
39 
295 
475 
125 
451 
269 
47 
421 
417 
623 
521 
623 
475 
473 
871 
775 
619 
729 
981 
359 
275 
889 
17 
699 
425 
871 
753 
677 
403 
637 
625 
919 
375 
295 
437 
439 
255 
825 
97 
291 
441 
95 
895 
345 
67 
473 
79 
803 
557 
107 
869 
95 
487 
629 
945 
629 
761 
177 
565 
867 
965 
345 
613 
463 
575 
93 
703 
575 
831 
241 
243 
749 
355 
445 
17 
927 
845 
523 
949 
669 
953 
331 
259 
253 
325 
475 
507 
919 
691 
535 
519 
879 
645 
581 
385 
829 
149 
553 
931 
369 
67 
927 
21 
789 
725 
283 
223 
609 
293 
417 
753 
183 
879 
799 
691 
177 
805 
45 
383 
21 
109 
289 
335 
349 
843 
793 
493 
529 
875 
177 
293 
185 
365 
129 
189 
445 
57 
967 
197 
773 
179 
169 
551 
15 
535 
375 
207 
339 
217 
737 
471 
859 
477 
589 
647 
143 
13 
61 
853 
513 
91 
275 
379 
607 
139 
387 
399 
503 
459 
115 
21 
427 
309 
131 
439 
609 
763 
139 
981 
59 
709 
457 
575 
951 
811 
605 
911 
771 
753 
483 
265 
211 
355 
103 
247 
243 
317 
645 
69 
81 
991 
511 
797 
697 
963 
815 
809 
347 
663 
369 
271 
11 
179 
511 
147 
147 
89 
745 
303 
33 
897 
971 
991 
595 
995 
983 
711 
725 
115 
191 
717 
375 
633 
461 
715 
647 
961 
921 
695 
173 
133 
961 
759 
433 
729 
231 
367 
111 
853 
457 
425 
213 
799 
405 
35 
5 
611 
587 
277 
185 
311 
351 
551 
533 
777 
113 
293 
667 
65 
563 
655 
317 
479 
631 
885 
751 
713 
545 
981 
127 
369 
145 
215 
909 
739 
29 
321 
553 
795 
799 
523 
809 
11 
603 
901 
881 
893 
685 
873 
265 
461 
973 
763 
349 
253 
721 
965 
385 
257 
627 
843 
109 
33 
705 
123 
957 
757 
435 
403 
865 
15 
749 
597 
363 
809 
9 
959 
313 
751 
927 
121 
525 
117 
65 
993 
41 
607 
343 
561 
355 
219 
509 
763 
871 
713 
607 
743 
563 
253 
835 
967 
323 
39 
539 
205 
827 
79 
461 
303 
671 
743 
519 
579 
235 
723 
433 
503 
39 
253 
745 
869 
239 
169 
487 
897 
467 
389 
539 
855 
813 
527 
391 
339 
493 
299 
19 
33 
853 
99 
495 
713 
301 
419 
311 
641 
643 
55 
647 
435 
413 
887 
957 
437 
365 
447 
599 
721 
531 
435 
595 
649 
497 
597 
489 
681 
435 
747 
21 
869 
901 
875 
941 
683 
733 
475 
977 
487 
111 
867 
955 
185 
873 
537 
953 
649 
13 
863 
223 
185 
379 
17 
221 
849 
109 
927 
151 
473 
39 
825 
235 
203 
249 
863 
213 
217 
889 
523 
903 
341 
499 
663 
875 
785 
973 
793 
45 
145 
155 
727 
111 
903 
793 
5 
315 
179 
353 
581 
413 
687 
679 
743 
479 
859 
211 
115 
925 
453 
713 
919 
463 
883 
153 
517 
115 
17 
307 
129 
697 
411 
489 
645 
535 
187 
183 
133 
543 
347 
627 
907 
95 
375 
777 
37 
141 
355 
255 
985 
437 
947 
849 
301 
523 
117 
851 
53 
195 
867 
795 
289 
855 
301 
781 
459 
493 
141 
359 
815 
567 
211 
521 
289 
525 
903 
461 
413 
345 
515 
761 
753 
759 
359 
303 
37 
231 
755 
949 
667 
473 
177 
485 
635 
285 
231 
49 
563 
727 
3 
971 
475 
233 
41 
691 
491 
619 
275 
35 
43 
651 
811 
857 
231 
793 
11 
783 
121 
689 
533 
927 
751 
249 
49 
77 
399 
555 
333 
689 
25 
473 
771 
33 
379 
665 
989 
309 
583 
993 
367 
679 
657 
519 
91 
79 
811 
781 
173 
337 
543 
703 
199 
593 
509 
7 
87 
291 
375 
261 
561 
203 
883 
591 
779 
143 
93 
685 
7 
389 
361 
589 
293 
411 
587 
725 
361 
783 
763 
337 
535 
747 
223 
993 
807 
51 
925 
553 
713 
749 
439 
745 
501 
525 
671 
905 
383 
187 
945 
97 
91 
401 
623 
37 
407 
913 
511 
183 
693 
837 
585 
685 
207 
603 
317 
803 
513 
851 
785 
471 
357 
691 
33 
115 
729 
543 
53 
737 
771 
513 
871 
393 
719 
361 
645 
839 
449 
795 
345 
379 
27 
179 
47 
589 
79 
261 
113 
765 
859 
399 
485 
533 
805 
337 
761 
419 
261 
741 
787 
47 
191 
425 
335 
229 
673 
197 
197 
69 
315 
341 
183 
759 
319 
895 
441 
251 
187 
695 
535 
709 
449 
671 
63 
581 
331 
67 
323 
805 
217 
201 
523 
111 
783 
791 
677 
3 
819 
23 
675 
395 
893 
719 
555 
455 
861 
121 
605 
943 
447 
261 
759 
319 
143 
209 
419 
307 
359 
533 
307 
121 
589 
635 
873 
733 
471 
205 
699 
365 
185 
145 
133 
951 
881 
381 
915 
213 
645 
67 
745 
539 
893 
157 
161 
705 
275 
495 
663 
251 
749 
541 
937 
59 
725 
9 
563 
289 
285 
747 
693 
941 
517 
341 
115 
747 
911 
419 
607 
563 
331 
811 
685 
91 
503 
311 
47 
969 
813 
405 
851 
161 
781 
389 
305 
823 
751 
811 
293 
307 
77 
625 
755 
515 
511 
717 
655 
385 
993 
281 
13 
375 
75 
41 
985 
487 
1 
603 
727 
773 
51 
107 
851 
111 
447 
67 
805 
289 
881 
597 
297 
335 
961 
77 
871 
389 
381 
833 
133 
743 
431 
561 
509 
655 
323 
813 
677 
761 
979 
735 
565 
65 
25 
797 
269 
583 
365 
401 
9 
257 
407 
871 
555 
157 
117 
25 
197 
319 
683 
489 
731 
147 
589 
513 
781 
503 
89 
839 
345 
461 
253 
561 
717 
387 
53 
551 
125 
527 
697 
963 
975 
193 
173 
361 
631 
983 
441 
347 
721 
771 
667 
717 
597 
363 
355 
287 
145 
227 
359 
741 
381 
909 
579 
647 
23 
533 
359 
983 
409 
691 
503 
817 
285 
263 
215 
373 
825 
233 
231 
285 
349 
653 
305 
717 
251 
749 
239 
671 
55 
717 
821 
185 
409 
471 
9 
29 
679 
27 
587 
895 
333 
15 
841 
977 
147 
721 
511 
699 
975 
605 
515 
387 
799 
189 
307 
671 
447 
409 
703 
403 
275 
923 
483 
645 
307 
909 
7 
667 
521 
207 
115 
259 
543 
185 
465 
999 
777 
429 
649 
765 
381 
913 
707 
549 
681 
867 
113 
25 
975 
237 
275 
183 
617 
583 
299 
285 
209 
551 
311 
969 
887 
503 
673 
781 
701 
367 
443 
971 
29 
795 
393 
421 
313 
383 
793 
647 
993 
441 
61 
481 
219 
487 
781 
11 
643 
239 
523 
853 
545 
193 
35 
571 
527 
209 
419 
819 
799 
663 
283 
857 
187 
253 
253 
851 
7 
929 
303 
393 
509 
743 
561 
355 
887 
839 
97 
801 
221 
771 
181 
359 
629 
533 
985 
73 
997 
943 
911 
675 
591 
555 
3 
45 
641 
831 
313 
529 
493 
17 
215 
101 
615 
507 
893 
225 
97 
909 
431 
297 
421 
129 
643 
499 
629 
83 
539 
89 
953 
927 
471 
367 
557 
73 
167 
915 
881 
29 
519 
611 
539 
741 
81 
87 
699 
313 
433 
49 
397 
721 
93 
15 
655 
445 
199 
545 
645 
123 
3 
579 
919 
355 
159 
569 
769 
971 
739 
157 
843 
651 
657 
265 
979 
105 
217 
991 
295 
203 
443 
651 
503 
703 
777 
965 
805 
875 
183 
245 
265 
767 
143 
893 
867 
21 
299 
663 
125 
819 
573 
501 
817 
255 
689 
43 
239 
469 
689 
995 
757 
789 
443 
691 
411 
753 
237 
419 
665 
259 
141 
587 
457 
593 
591 
971 
379 
281 
851 
271 
915 
563 
811 
809 
67 
181 
709 
17 
333 
173 
459 
737 
59 
317 
459 
739 
363 
613 
451 
321 
917 
341 
399 
315 
229 
945 
607 
579 
317 
899 
633 
805 
579 
263 
483 
109 
505 
799 
723 
355 
693 
251 
245 
439 
479 
149 
671 
473 
529 
709 
217 
31 
881 
909 
993 
539 
497 
271 
25 
311 
37 
985 
13 
23 
599 
547 
811 
321 
11 
965 
493 
405 
499 
541 
873 
739 
343 
255 
603 
365 
917 
595 
97 
805 
91 
885 
817 
183 
341 
147 
111 
41 
877 
223 
233 
777 
913 
955 
925 
623 
345 
461 
541 
755 
919 
331 
867 
849 
65 
893 
563 
561 
385 
89 
737 
111 
489 
245 
311 
391 
937 
297 
103 
125 
171 
473 
227 
13 
555 
153 
581 
159 
145 
481 
741 
583 
797 
103 
865 
777 
683 
207 
171 
91 
543 
489 
663 
173 
995 
185 
721 
741 
739 
59 
187 
169 
181 
341 
411 
3 
93 
327 
979 
597 
63 
721 
243 
855 
645 
749 
837 
321 
43 
651 
901 
641 
75 
23 
511 
689 
339 
709 
93 
65 
777 
551 
47 
325 
509 
157 
431 
777 
995 
823 
423 
143 
689 
93 
39 
217 
347 
841 
355 
755 
931 
837 
417 
293 
197 
651 
545 
397 
489 
633 
369 
769 
933 
481 
77 
357 
585 
389 
13 
587 
533 
985 
437 
367 
837 
399 
189 
501 
829 
473 
349 
991 
607 
853 
441 
665 
937 
595 
223 
269 
655 
53 
5 
773 
977 
495 
937 
685 
171 
265 
971 
793 
629 
347 
957 
655 
961 
853 
413 
957 
253 
181 
419 
305 
335 
573 
973 
137 
721 
857 
647 
753 
877 
585 
259 
39 
429 
501 
883 
563 
813 
453 
657 
343 
449 
589 
987 
161 
613 
579 
887 
11 
439 
215 
223 
275 
855 
395 
407 
853 
167 
739 
461 
971 
301 
811 
175 
647 
511 
717 
887 
975 
351 
887 
1 
23 
557 
841 
335 
471 
811 
857 
355 
251 
147 
535 
161 
283 
169 
945 
277 
373 
811 
203 
359 
967 
717 
907 
381 
253 
227 
227 
701 
925 
967 
751 
529 
667 
711 
867 
547 
395 
241 
891 
907 
605 
701 
769 
615 
641 
493 
863 
309 
963 
477 
79 
257 
651 
681 
193 
457 
941 
465 
77 
683 
125 
373 
699 
507 
227 
311 
363 
399 
635 
533 
615 
949 
811 
219 
441 
257 
705 
537 
373 
819 
439 
627 
153 
883 
41 
209 
537 
281 
255 
869 
801 
383 
263 
513 
523 
397 
77 
49 
195 
467 
939 
927 
969 
9 
275 
483 
123 
689 
917 
821 
413 
107 
675 
337 
59 
231 
299 
81 
23 
349 
91 
993 
971 
507 
823 
847 
649 
769 
763 
65 
171 
997 
811 
599 
521 
5 
681 
1 
573 
993 
643 
917 
377 
171 
59 
807 
405 
379 
651 
525 
785 
599 
449 
999 
169 
717 
15 
775 
233 
277 
757 
297 
81 
529 
113 
569 
409 
917 
533 
119 
403 
573 
769 
983 
271 
709 
445 
507 
629 
561 
485 
399 
613 
205 
175 
565 
743 
849 
711 
351 
121 
703 
185 
223 
27 
341 
941 
697 
883 
921 
337 
747 
991 
87 
879 
783 
673 
89 
887 
143 
385 
503 
125 
625 
417 
543 
791 
813 
115 
729 
959 
803 
341 
945 
151 
489 
305 
955 
77 
777 
303 
15 
161 
441 
809 
463 
959 
543 
403 
973 
835 
671 
483 
49 
503 
487 
593 
349 
455 
597 
47 
843 
905 
883 
617 
305 
873 
435 
553 
169 
281 
223 
677 
823 
201 
61 
907 
365 
569 
611 
899 
309 
285 
803 
465 
941 
27 
351 
575 
223 
879 
165 
837 
97 
325 
127 
385 
263 
821 
307 
425 
221 
115 
421 
309 
601 
61 
571 
359 
391 
111 
247 
1 
239 
163 
321 
729 
703 
223 
117 
37 
381 
333 
495 
775 
245 
779 
111 
91 
223 
469 
155 
111 
849 
301 
277 
675 
551 
485 
167 
255 
361 
565 
735 
193 
951 
323 
817 
245 
919 
251 
593 
617 
801 
515 
805 
869 
559 
527 
29 
219 
823 
47 
683 
673 
111 
747 
509 
993 
923 
935 
9 
815 
827 
291 
45 
163 
811 
877 
851 
229 
445 
449 
611 
463 
583 
925 
725 
413 
125 
65 
967 
281 
475 
875 
137 
41 
775 
685 
245 
231 
5 
195 
871 
751 
879 
935 
929 
857 
529 
981 
671 
169 
135 
725 
825 
947 
435 
363 
335 
751 
287 
261 
987 
57 
731 
129 
567 
299 
581 
175 
39 
787 
449 
753 
375 
929 
861 
91 
159 
913 
85 
487 
17 
621 
769 
463 
407 
615 
259 
603 
231 
597 
243 
365 
607 
57 
503 
595 
603 
557 
69 
909 
181 
319 
969 
743 
907 
483 
681 
945 
715 
495 
935 
925 
271 
989 
633 
407 
169 
859 
215 
723 
927 
907 
31 
957 
69 
121 
837 
77 
71 
643 
969 
455 
751 
377 
231 
625 
455 
511 
541 
117 
157 
81 
441 
309 
347 
141 
381 
187 
881 
19 
27 
487 
301 
581 
825 
621 
711 
653 
215 
853 
587 
859 
479 
237 
827 
43 
181 
677 
479 
169 
475 
975 
309 
93 
851 
387 
519 
149 
977 
585 
951 
889 
309 
941 
415 
847 
151 
487 
953 
793 
15 
847 
885 
579 
471 
25 
35 
553 
259 
711 
679 
941 
735 
833 
243 
115 
965 
705 
303 
27 
797 
233 
741 
291 
509 
845 
317 
759 
657 
509 
37 
357 
179 
965 
551 
989 
733 
241 
69 
445 
883 
621 
239 
379 
81 
71 
553 
395 
371 
279 
507 
861 
587 
3 
103 
297 
829 
307 
541 
809 
687 
5 
943 
805 
381 
387 
713 
925 
939 
519 
769 
69 
541 
489 
533 
767 
551 
161 
45 
691 
663 
911 
273 
903 
461 
703 
713 
551 
109 
589 
167 
987 
999 
465 
319 
273 
409 
821 
139 
33 
865 
617 
539 
37 
99 
997 
843 
953 
227 
171 
963 
255 
617 
605 
479 
667 
301 
147 
803 
637 
983 
